16
9.000000 6.000000 1
9.500000 6.000000 1
10.000000 6.000000 1
10.500000 6.000000 1
11.000000 6.000000 1
11.500000 6.000000 1
9.000000 5.500000 1
9.500000 5.500000 1
10.000000 5.500000 1
10.500000 5.500000 1
11.000000 5.500000 1
11.500000 5.500000 1
9.000000 5.000000 1
9.500000 5.000000 1
10.000000 5.000000 1
10.500000 5.000000 1
11.000000 5.000000 1
11.500000 5.000000 1
9.000000 4.500000 1
9.500000 4.500000 1
10.000000 4.500000 1
10.500000 4.500000 1
11.000000 4.500000 1
11.500000 4.500000 1
9.000000 4.000000 1
9.500000 4.000000 1
10.000000 4.000000 1
10.500000 4.000000 1
11.000000 4.000000 1
11.500000 4.000000 1
9.000000 3.500000 1
9.500000 3.500000 1
10.000000 3.500000 1
10.500000 3.500000 1
11.000000 3.500000 1
11.500000 3.500000 1
9.000000 3.000000 1
9.500000 3.000000 1
10.000000 3.000000 1
10.500000 3.000000 1
11.000000 3.000000 1
11.500000 3.000000 1
9.000000 2.500000 1
9.500000 2.500000 1
10.000000 2.500000 1
10.500000 2.500000 1
11.000000 2.500000 1
11.500000 2.500000 1
9.000000 2.000000 1
9.500000 2.000000 1
10.000000 2.000000 1
10.500000 2.000000 1
11.000000 2.000000 1
11.500000 2.000000 1
9.000000 1.500000 1
9.500000 1.500000 1
10.000000 1.500000 1
10.500000 1.500000 1
11.000000 1.500000 1
11.500000 1.500000 1
9.000000 1.000000 1
9.500000 1.000000 1
10.000000 1.000000 1
10.500000 1.000000 1
11.000000 1.000000 1
11.500000 1.000000 1
9.000000 0.500000 1
9.500000 0.500000 1
10.000000 0.500000 1
10.500000 0.500000 1
11.000000 0.500000 1
11.500000 0.500000 1
9.000000 0.000000 1
9.500000 0.000000 1
10.000000 0.000000 1
10.500000 0.000000 1
11.000000 0.000000 1
11.500000 0.000000 1
9.000000 -0.500000 1
9.500000 -0.500000 1
10.000000 -0.500000 1
10.500000 -0.500000 1
11.000000 -0.500000 1
11.500000 -0.500000 1
9.000000 -1.000000 1
9.500000 -1.000000 1
10.000000 -1.000000 1
10.500000 -1.000000 1
11.000000 -1.000000 1
11.500000 -1.000000 1
9.000000 -1.500000 1
9.500000 -1.500000 1
10.000000 -1.500000 1
10.500000 -1.500000 1
11.000000 -1.500000 1
11.500000 -1.500000 1
9.000000 -2.000000 1
9.500000 -2.000000 1
10.000000 -2.000000 1
10.500000 -2.000000 1
11.000000 -2.000000 1
11.500000 -2.000000 1
9.000000 -2.500000 1
9.500000 -2.500000 1
10.000000 -2.500000 1
10.500000 -2.500000 1
11.000000 -2.500000 1
11.500000 -2.500000 1
9.000000 -3.000000 1
9.500000 -3.000000 1
10.000000 -3.000000 1
10.500000 -3.000000 1
11.000000 -3.000000 1
11.500000 -3.000000 1
9.000000 -3.500000 1
9.500000 -3.500000 1
10.000000 -3.500000 1
10.500000 -3.500000 1
11.000000 -3.500000 1
11.500000 -3.500000 1
